Ahmed Kayed          | Youssef Ahmed Salah | Abanob Kamal | Farah Afifi | Nourhan Hegazy
-------------------------------------------------------------------------------------
					Sprint 1
-------------------------------------------------------------------------------------
	55	     |         9           |     7        |     12      |        6      
	56	     |         10          |     8        |     23      |        11      
	57	     |         19          |     18       |             |        20      
-------------------------------------------------------------------------------------
					Sprint 2
-------------------------------------------------------------------------------------
	23	     |         5           |              |     17      |        29      
	26	     |         21          |              |     24      |        30      
	35	     |         28          |              |     25      |        31      
	36	     |         33          |              |     39      |        32      
	37           |         34          |              |             |              
	38	     |                     |              |             |              
-------------------------------------------------------------------------------------
					Sprint 3
-------------------------------------------------------------------------------------
	1	     |         4           |  40          |     47      |        13      
	2	     |         45          |  41          |     48      |        14    
	3	     |         50          |  42          |     49      |        43     
	15	     |         51          |              |             |        44      
	16	     |                     |              |             |              
	22	     |                     |              |             | 
	46	     |                     |              |             |              
	52	     |                     |              |             |              
        53    	     |                     |              |             |              
	54	     |                     |              |             | 
	58	     |                     |              |             |              
	59	     |                     |              |             |              
	60	     |                     |              |             |              
		                                                 
		                                                             
          





